Array,timeQSort,timeQSelect,timeRMedian,RMedianSuccess
0,0.8789999485015869,0.06613993644714355,0.03384089469909668,547
1,0.9019069671630859,0.059159040451049805,0.034070730209350586,548
2,0.9064218997955322,0.04777693748474121,0.03793001174926758,549
3,0.8996350765228271,0.04441213607788086,0.03721785545349121,553
4,0.9117522239685059,0.06470012664794922,0.03895401954650879,548
5,0.9034278392791748,0.04967975616455078,0.035562992095947266,549
6,0.9228968620300293,0.07066011428833008,0.035858869552612305,551
7,0.8951561450958252,0.053331851959228516,0.03669881820678711,550
8,0.9234390258789062,0.06848526000976562,0.034562110900878906,549
9,0.9604380130767822,0.058065176010131836,0.03319191932678223,547
10,0.9583029747009277,0.06167793273925781,0.03664994239807129,552
11,0.9152340888977051,0.06447124481201172,0.033274173736572266,550
12,0.9008200168609619,0.06706023216247559,0.03308916091918945,549
13,0.9041988849639893,0.08557891845703125,0.03334999084472656,551
14,0.9074521064758301,0.07225203514099121,0.03451704978942871,550
15,0.9065167903900146,0.04518008232116699,0.03491783142089844,548
16,0.9019298553466797,0.058618783950805664,0.0352480411529541,552
17,0.885901927947998,0.08492922782897949,0.034739017486572266,548
18,0.9032869338989258,0.040040016174316406,0.03568291664123535,548
19,0.8961288928985596,0.08392190933227539,0.035012006759643555,550
20,0.9164531230926514,0.03112196922302246,0.03551292419433594,545
21,0.923285961151123,0.07336187362670898,0.03454780578613281,547
22,0.9193511009216309,0.0503239631652832,0.0344851016998291,549
23,0.8948469161987305,0.0831441879272461,0.03391075134277344,549
24,0.8924212455749512,0.11124491691589355,0.03435373306274414,548
25,0.903486967086792,0.040734052658081055,0.036936283111572266,547
26,0.928861141204834,0.0531461238861084,0.033125877380371094,554
27,0.9102511405944824,0.05872201919555664,0.03314685821533203,548
28,0.8985090255737305,0.08866572380065918,0.03295016288757324,548
29,0.9019191265106201,0.05596590042114258,0.03745388984680176,547
30,0.9292652606964111,0.05075216293334961,0.03447914123535156,554
31,0.9125199317932129,0.08127999305725098,0.03371882438659668,549
32,0.9038982391357422,0.058830976486206055,0.03338813781738281,551
33,0.9369940757751465,0.0354769229888916,0.033952951431274414,549
34,0.927656888961792,0.06638169288635254,0.033309221267700195,545
35,0.9896817207336426,0.049696922302246094,0.035797834396362305,547
36,0.9355878829956055,0.0623021125793457,0.0357518196105957,551
37,0.9686000347137451,0.08796977996826172,0.03659701347351074,549
38,0.9644351005554199,0.06294012069702148,0.04044699668884277,550
39,1.0144593715667725,0.08600974082946777,0.03490614891052246,550
40,0.980525016784668,0.04741501808166504,0.0356600284576416,549
41,0.9540209770202637,0.047187089920043945,0.03392601013183594,550
42,0.9620537757873535,0.05589413642883301,0.03640007972717285,547
43,0.9972617626190186,0.0623018741607666,0.03603982925415039,548
44,0.9613409042358398,0.06085395812988281,0.034451961517333984,548
45,0.9206428527832031,0.06468391418457031,0.033550262451171875,550
46,0.8938932418823242,0.05381894111633301,0.03565526008605957,548
47,0.9875032901763916,0.06697416305541992,0.037081003189086914,548
48,0.9521310329437256,0.08670711517333984,0.036934852600097656,548
49,0.9845776557922363,0.05700993537902832,0.046658992767333984,547
50,0.9497239589691162,0.06662869453430176,0.035585880279541016,549
51,0.938654899597168,0.09697198867797852,0.037049055099487305,548
52,0.9403567314147949,0.07223916053771973,0.0366358757019043,550
53,0.926973819732666,0.12506699562072754,0.036756038665771484,548
54,0.9300570487976074,0.05109715461730957,0.03717613220214844,552
55,0.9448850154876709,0.07200217247009277,0.03751707077026367,549
56,1.0063471794128418,0.041599273681640625,0.03635597229003906,547
57,0.9643428325653076,0.08309030532836914,0.03597903251647949,548
58,0.9620327949523926,0.06955289840698242,0.03694295883178711,550
59,0.9557828903198242,0.04033803939819336,0.03333020210266113,550
60,1.0514087677001953,0.08063793182373047,0.04047083854675293,547
61,1.0185391902923584,0.06995987892150879,0.03606390953063965,551
62,0.9545998573303223,0.09020090103149414,0.04137897491455078,550
63,0.9911050796508789,0.0791480541229248,0.039214134216308594,545
64,0.9825081825256348,0.03344893455505371,0.03426480293273926,549
65,0.9266440868377686,0.03661704063415527,0.035284996032714844,550
66,0.9416711330413818,0.034548044204711914,0.03787803649902344,551
67,0.9809749126434326,0.07658505439758301,0.034893035888671875,548
68,1.0025057792663574,0.10104203224182129,0.035388946533203125,549
69,0.9384169578552246,0.05134391784667969,0.034812211990356445,549
70,0.9674103260040283,0.061402082443237305,0.0341951847076416,551
71,0.9703407287597656,0.0808248519897461,0.034171104431152344,551
72,0.9438490867614746,0.048393964767456055,0.03644227981567383,547
73,0.9236810207366943,0.058380126953125,0.033882856369018555,550
74,0.9319300651550293,0.04509782791137695,0.03394579887390137,549
75,0.941809892654419,0.05521988868713379,0.0360560417175293,547
76,0.9392189979553223,0.05600309371948242,0.03515505790710449,549
77,0.9379229545593262,0.06855106353759766,0.03630328178405762,550
78,0.9301629066467285,0.07225203514099121,0.038064002990722656,547
79,0.9107859134674072,0.04162120819091797,0.03320908546447754,547
80,0.9365770816802979,0.04758882522583008,0.03336906433105469,555
81,0.9627299308776855,0.060645103454589844,0.03571009635925293,550
82,0.9160037040710449,0.09360098838806152,0.03359174728393555,554
83,0.9257540702819824,0.04538393020629883,0.03430581092834473,548
84,0.9429621696472168,0.0984501838684082,0.03582620620727539,551
85,0.932685136795044,0.04917716979980469,0.03604292869567871,549
86,0.9082329273223877,0.07051301002502441,0.035205841064453125,547
87,0.9246339797973633,0.06622481346130371,0.036103248596191406,549
88,0.9409229755401611,0.05361676216125488,0.0414128303527832,549
89,0.9633338451385498,0.037992000579833984,0.036089181900024414,550
90,0.9184622764587402,0.06226611137390137,0.03432488441467285,550
91,0.9295532703399658,0.0628662109375,0.0365290641784668,550
92,0.928941011428833,0.05107569694519043,0.03338909149169922,549
93,0.9380741119384766,0.0823519229888916,0.03396296501159668,554
94,0.9189388751983643,0.05236983299255371,0.03665804862976074,552
95,0.9663131237030029,0.06626009941101074,0.03576016426086426,551
96,0.9793252944946289,0.08671712875366211,0.036572933197021484,551
97,0.9983859062194824,0.04324078559875488,0.03530693054199219,547
98,0.9455349445343018,0.08274579048156738,0.0357670783996582,549
99,0.9419741630554199,0.03583502769470215,0.03490710258483887,549
100,0.9360029697418213,0.05194902420043945,0.031677961349487305,552
101,0.9438560009002686,0.07238888740539551,0.03568696975708008,552
102,0.960456132888794,0.08440184593200684,0.03479576110839844,551
103,0.9431841373443604,0.039880990982055664,0.03442502021789551,549
104,0.9243149757385254,0.0460820198059082,0.03357577323913574,551
105,0.9343442916870117,0.08295106887817383,0.03204011917114258,550
106,0.9266021251678467,0.056680917739868164,0.03125882148742676,548
107,0.9589502811431885,0.06779003143310547,0.03425407409667969,551
108,0.9580931663513184,0.05429220199584961,0.033837080001831055,553
109,0.964425802230835,0.049037933349609375,0.03409409523010254,547
110,0.9573962688446045,0.057831764221191406,0.03325009346008301,547
111,0.9399240016937256,0.0758059024810791,0.03377795219421387,552
112,0.9740910530090332,0.05295896530151367,0.03341794013977051,548
113,0.9870378971099854,0.04816889762878418,0.033785104751586914,551
114,0.9450969696044922,0.06277704238891602,0.03365612030029297,551
115,0.9376668930053711,0.0884847640991211,0.03484010696411133,547
116,0.9363119602203369,0.052120208740234375,0.03175020217895508,553
117,0.9059560298919678,0.043634891510009766,0.03146696090698242,551
118,0.9477331638336182,0.05354905128479004,0.03241896629333496,553
119,0.9529931545257568,0.0860898494720459,0.03364992141723633,551
120,0.9230096340179443,0.08593297004699707,0.03355813026428223,551
121,0.9424760341644287,0.04214286804199219,0.03372383117675781,550
122,0.9593608379364014,0.06167864799499512,0.0313720703125,551
123,0.943687915802002,0.061804771423339844,0.03389906883239746,551
124,0.922814130783081,0.08056807518005371,0.0331721305847168,548
125,0.9535949230194092,0.04941916465759277,0.03477191925048828,548
126,0.9289898872375488,0.07846665382385254,0.03372907638549805,548
127,0.9332621097564697,0.07420611381530762,0.03152203559875488,551
128,0.954946756362915,0.05132794380187988,0.03256797790527344,549
129,0.9384617805480957,0.04861807823181152,0.03374314308166504,552
130,0.9250538349151611,0.07326412200927734,0.03335714340209961,548
131,0.9558000564575195,0.08051729202270508,0.03445601463317871,550
132,0.9464118480682373,0.06609487533569336,0.03403615951538086,551
133,0.919672966003418,0.08903765678405762,0.036210060119628906,552
134,0.9511809349060059,0.05002713203430176,0.03404116630554199,550
135,0.954171895980835,0.10933709144592285,0.033637046813964844,553
136,0.9429278373718262,0.04800009727478027,0.03507685661315918,547
137,0.9152951240539551,0.06007194519042969,0.03438615798950195,549
138,0.9427518844604492,0.07225489616394043,0.03376913070678711,549
139,0.9159178733825684,0.041055917739868164,0.036667823791503906,549
140,0.925889253616333,0.04273509979248047,0.03230404853820801,550
141,0.9431419372558594,0.12145686149597168,0.03159308433532715,550
142,0.9742131233215332,0.08759593963623047,0.03417682647705078,549
143,0.9541618824005127,0.07140302658081055,0.03331565856933594,546
144,0.9625341892242432,0.057151079177856445,0.03425288200378418,550
145,0.9589219093322754,0.06271171569824219,0.0335690975189209,549
146,0.9560577869415283,0.07963275909423828,0.03459501266479492,553
147,0.9157359600067139,0.038188934326171875,0.03265714645385742,549
148,0.9127438068389893,0.04594993591308594,0.034616947174072266,550
149,0.9667692184448242,0.10696101188659668,0.032530784606933594,551
150,0.9175469875335693,0.061350107192993164,0.03433084487915039,549
151,0.9208121299743652,0.03730010986328125,0.03208494186401367,550
152,0.9479641914367676,0.04305005073547363,0.032145023345947266,547
153,0.9498238563537598,0.04138684272766113,0.03397417068481445,550
154,0.9250123500823975,0.06905102729797363,0.03134799003601074,551
155,0.9332549571990967,0.0646669864654541,0.03437399864196777,549
156,0.8980319499969482,0.0500788688659668,0.03434014320373535,548
157,0.9260280132293701,0.14809918403625488,0.03421592712402344,551
158,0.9384608268737793,0.0480959415435791,0.03198122978210449,549
159,0.927156925201416,0.09056425094604492,0.03470301628112793,552
160,0.9596211910247803,0.08263325691223145,0.033334970474243164,550
161,0.9354391098022461,0.052407026290893555,0.03499317169189453,551
162,0.9350790977478027,0.06697607040405273,0.03434896469116211,550
163,0.9458401203155518,0.07971692085266113,0.03372311592102051,549
164,0.9617950916290283,0.05925107002258301,0.033181190490722656,551
165,0.9986860752105713,0.075286865234375,0.03162884712219238,552
166,0.9883220195770264,0.06660604476928711,0.03332185745239258,552
167,0.9083490371704102,0.1091160774230957,0.03353285789489746,553
168,0.9435882568359375,0.05769920349121094,0.03391003608703613,550
169,0.9317560195922852,0.0745701789855957,0.03151893615722656,553
170,0.9029879570007324,0.05205893516540527,0.03340411186218262,547
171,0.9220879077911377,0.06582498550415039,0.03195595741271973,552
172,0.941338300704956,0.04516482353210449,0.03530621528625488,548
173,0.9035568237304688,0.04263496398925781,0.03248715400695801,551
174,0.9551138877868652,0.05953526496887207,0.034380197525024414,548
175,1.0222892761230469,0.05915403366088867,0.034439802169799805,549
176,0.9527270793914795,0.06077384948730469,0.03367018699645996,552
177,0.9189648628234863,0.06245303153991699,0.03271198272705078,546
178,0.89151930809021,0.09419083595275879,0.03128695487976074,553
179,0.9025838375091553,0.06895089149475098,0.031398773193359375,550
180,0.908430814743042,0.0628058910369873,0.03272819519042969,551
181,0.9602348804473877,0.042283058166503906,0.03142809867858887,552
182,0.8902580738067627,0.06485891342163086,0.032965898513793945,550
183,0.9049160480499268,0.055417776107788086,0.0343778133392334,546
184,0.8925900459289551,0.04148292541503906,0.03186821937561035,551
185,0.9040868282318115,0.06954598426818848,0.031881093978881836,547
186,0.9190378189086914,0.07396292686462402,0.03160595893859863,551
187,0.9102230072021484,0.08452177047729492,0.031452178955078125,549
188,0.8964328765869141,0.08819580078125,0.0333099365234375,551
189,0.8913228511810303,0.05643796920776367,0.0327458381652832,548
190,0.9113740921020508,0.055413007736206055,0.03291893005371094,553
191,0.95499587059021,0.030823945999145508,0.03434896469116211,549
192,0.9788589477539062,0.033232927322387695,0.03557991981506348,549
193,0.980485200881958,0.10608506202697754,0.03541684150695801,548
194,0.9700479507446289,0.0877370834350586,0.03590106964111328,548
195,0.932999849319458,0.05669116973876953,0.032408952713012695,550
196,0.9655478000640869,0.060801029205322266,0.03566908836364746,549
197,0.9092719554901123,0.06568694114685059,0.03154301643371582,548
198,0.9152092933654785,0.05202507972717285,0.03197598457336426,548
199,0.9169459342956543,0.042005062103271484,0.031193971633911133,552

